1
1
36
0
(1 0
((0) (31) (0))
)
1
FabOnDisk: Cell_D_00000 0

1,36
8.5553722212196662e-03,-3.0831828056376889e-21,0.0000000000000000e+00,0.0000000000000000e+00,1.4999999999999994e-06,1.4999999999999994e-06,1.2027237242374740e-14,8.5553722212196662e-03,9.9999999999999974e-07,0.0000000000000000e+00,1.2909944487358054e-03,1.6666666666666667e+00,0.0000000000000000e+00,1.2909944487358054e-03,-1.2477915368380815e+01,-4.4606830154600220e+09,0.0000000000000000e+00,-1.7806093150454092e+01,1.4999999999999994e-06,1.4999999999999994e-06,-2.0677610907277737e+00,8.5553722212196662e-03,1.2027237242374740e-14,1.0000000000000000e+00,1.0000000000000000e+00,1.0000000000000000e+00,-3.0831828056376889e-21,0.0000000000000000e+00,0.0000000000000000e+00,0.0000000000000000e+00,-3.0831828056376889e-21,0.0000000000000000e+00,0.0000000000000000e+00,0.0000000000000000e+00,0.0000000000000000e+00,0.0000000000000000e+00,

1,36
2.8017458326449507e+00,3.3891404402155270e+00,0.0000000000000000e+00,0.0000000000000000e+00,4.7987801535374901e+00,2.7489380890521415e+00,1.1338234444688848e-06,2.8017458326449507e+00,1.8326253927014280e+00,2.0498420644853486e+00,1.2534706007901439e+01,1.6666666666666667e+00,1.1585478446754749e+00,1.2661297123622873e+01,1.6554161962731873e-01,-1.7748020898073850e+09,0.0000000000000000e+00,8.0442583452054084e+00,1.4140696923406838e+02,1.4140696923406838e+02,4.4742873463052568e-01,2.8017458326449507e+00,1.1338234444688848e-06,1.0000000000000000e+00,1.0000000000000000e+00,1.0000000000000000e+00,1.2096530672862835e+00,0.0000000000000000e+00,0.0000000000000000e+00,1.2096530672862835e+00,1.2096530672862835e+00,7.4505805969238281e-09,3.3891404402155270e+00,0.0000000000000000e+00,0.0000000000000000e+00,0.0000000000000000e+00,

