1
1
36
0
(1 0
((24) (103) (0))
)
1
FabOnDisk: Cell_D_00000 0

1,36
1.9181056271930608e-02,1.9433574516167694e-22,0.0000000000000000e+00,0.0000000000000000e+00,1.4999999999999998e-06,1.4999999999999998e-06,1.2027237242374745e-14,1.9181056271930608e-02,1.0000000000000002e-06,1.8883190923772121e-44,1.2909944487358058e-03,1.6666666666666667e+00,1.5053182091679665e-19,1.2909944487358058e-03,-8.0913237531507569e+00,-4.4606830154600220e+09,0.0000000000000000e+00,-1.3906233585391189e+02,1.4999999999999998e-06,1.4999999999999998e-06,-1.7171274805626571e+00,1.9181056271930608e-02,1.2027237242374745e-14,1.0000000000000000e+00,1.0000000000000000e+00,1.0000000000000000e+00,1.9433574516167694e-22,0.0000000000000000e+00,0.0000000000000000e+00,1.9433574516167694e-22,1.9433574516167694e-22,0.0000000000000000e+00,1.9433574516167694e-22,0.0000000000000000e+00,0.0000000000000000e+00,0.0000000000000000e+00,

1,36
3.3727686941081658e+00,4.4593255831813874e+00,0.0000000000000000e+00,0.0000000000000000e+00,6.3577738099352059e+00,3.3749184402142918e+00,5.0636983893666099e-07,3.3727686941081658e+00,2.2499456268095281e+00,2.9828553697209133e+00,8.3767460750659897e+00,1.6666666666666667e+00,1.2613067202411796e+00,8.6621683969812224e+00,2.7715510285150224e-01,-1.9424622837885737e+09,0.0000000000000000e+00,1.2849550005636713e+01,6.3152887325520119e+01,6.3152887325520119e+01,5.2798655811271311e-01,3.3727686941081658e+00,5.0636983893666099e-07,1.0000000000000000e+00,1.0000000000000000e+00,1.0000000000000000e+00,1.3378056004571319e+00,0.0000000000000000e+00,0.0000000000000000e+00,1.3378056004571321e+00,1.3378056004571319e+00,2.1073424255447017e-08,4.4593255831813874e+00,0.0000000000000000e+00,0.0000000000000000e+00,0.0000000000000000e+00,

