1
1
36
0
(1 0
((8) (55) (0))
)
1
FabOnDisk: Cell_D_00000 0

1,36
9.2327611031971235e-03,-1.6796908506733947e-39,0.0000000000000000e+00,0.0000000000000000e+00,1.4999999999999998e-06,1.4999999999999998e-06,1.2027237242374745e-14,9.2327611031971235e-03,1.0000000000000002e-06,2.1088763659167201e-87,1.2909944487358056e-03,1.6666666666666667e+00,5.0305582583845136e-41,1.2909944487358058e-03,-1.1871941821981530e+01,-4.4606830154600220e+09,0.0000000000000000e+00,-8.1935889700791577e+01,1.4999999999999998e-06,1.4999999999999998e-06,-2.0346684016218215e+00,9.2327611031971235e-03,1.2027237242374745e-14,1.0000000000000000e+00,1.0000000000000000e+00,1.0000000000000000e+00,-1.6796908506733947e-39,0.0000000000000000e+00,0.0000000000000000e+00,6.4944227856164708e-44,-1.6796908506733947e-39,0.0000000000000000e+00,6.4944227856164708e-44,0.0000000000000000e+00,0.0000000000000000e+00,0.0000000000000000e+00,

1,36
3.3531472020799944e+00,4.4445056937059615e+00,0.0000000000000000e+00,0.0000000000000000e+00,6.2848117915636443e+00,3.3392759008143029e+00,1.0511804631839967e-06,3.3531472020799944e+00,2.2261839338762019e+00,2.9455358907493410e+00,1.2069244247967202e+01,1.6666666666666667e+00,1.2600630031514175e+00,1.2266546673952874e+01,2.7356287586146877e-01,-1.7905763947892017e+09,0.0000000000000000e+00,9.9839795299083942e+00,1.3109999104538042e+02,1.3109999104538042e+02,5.2545261923490816e-01,3.3531472020799944e+00,1.0511804631839967e-06,1.0000000000000000e+00,1.0000000000000000e+00,1.0000000000000000e+00,1.3254728843842540e+00,0.0000000000000000e+00,0.0000000000000000e+00,1.3254728843842543e+00,1.3254728843842540e+00,2.1073424255447017e-08,4.4445056937059615e+00,0.0000000000000000e+00,0.0000000000000000e+00,0.0000000000000000e+00,

