1
1
36
0
(1 0
((0) (31) (0))
)
1
FabOnDisk: Cell_D_00000 0

1,36
8.4714925662306272e-03,-3.2656993731476826e-38,0.0000000000000000e+00,0.0000000000000000e+00,1.4999999999999998e-06,1.4999999999999998e-06,1.2027237242374743e-14,8.4714925662306272e-03,1.0000000000000002e-06,5.4034423352678722e-83,1.2909944487358056e-03,1.6666666666666667e+00,8.0524100754503585e-39,1.2909944487358058e-03,-1.2509141814916044e+01,-4.4606830154600220e+09,0.0000000000000000e+00,-3.8631923828034132e+01,1.4999999999999996e-06,1.4999999999999996e-06,-2.0720400659182743e+00,8.4714925662306272e-03,1.2027237242374743e-14,1.0000000000000000e+00,1.0000000000000000e+00,1.0000000000000000e+00,-3.2656993731476826e-38,0.0000000000000000e+00,0.0000000000000000e+00,1.0395616706350684e-41,-3.2656993731476826e-38,0.0000000000000000e+00,1.0395616706350684e-41,0.0000000000000000e+00,0.0000000000000000e+00,0.0000000000000000e+00,

1,36
2.8920220086475128e+00,3.4390541290775460e+00,0.0000000000000000e+00,0.0000000000000000e+00,5.1062979000992046e+00,2.9221280991846297e+00,1.1453308548536078e-06,2.8920220086475128e+00,1.9480853994564198e+00,2.1841698009145745e+00,1.2598154098861713e+01,1.6666666666666667e+00,1.1617952054207954e+00,1.2714507116206873e+01,1.7513111654517721e-01,-1.7727234926636846e+09,0.0000000000000000e+00,9.3752975681406738e+00,1.4284213802879952e+02,1.4284213802879952e+02,4.6120159367014157e-01,2.8920220086475128e+00,1.1453308548536078e-06,1.0000000000000000e+00,1.0000000000000000e+00,1.0000000000000000e+00,1.2702154249025632e+00,0.0000000000000000e+00,0.0000000000000000e+00,1.2702154249025632e+00,1.2702154249025632e+00,2.1073424255447017e-08,3.4390541290775460e+00,0.0000000000000000e+00,0.0000000000000000e+00,0.0000000000000000e+00,

